4.456357758620689835e-01
5.983078704916393598e-01
6.384824723076762965e-01
6.685527983008072717e-01
6.868482742603024827e-01
7.018564922796174388e-01
7.158138657757777690e-01
7.245978496992234730e-01
7.333548890678048826e-01
7.359685284499802860e-01
7.504917413082214939e-01
7.513539730029802355e-01
7.586021068792343502e-01
7.640988332190388199e-01
7.667124726638493426e-01
7.755503462478922083e-01
7.734217119320346834e-01
7.747958935418793880e-01
7.806159567306810709e-01
7.810470723869427090e-01
