2.804418103448275690e-01
5.584835501726136409e-01
7.430819388324112484e-01
8.518847843716268464e-01
9.083340067268975693e-01
9.378384931379213363e-01
9.543825614356963305e-01
9.632743244362196311e-01
9.722199767648914692e-01
9.768814160274366110e-01
9.789292159206546273e-01
9.804650660931166772e-01
9.830248158516334822e-01
9.845337214692312378e-01
9.867162448626964899e-01
9.886562658731667952e-01
9.907310107661196907e-01
9.911351817422466848e-01
9.917549106155637562e-01
9.921590815981148337e-01
9.960930130355357681e-01
9.975749737288820418e-01
9.979791445797385752e-01
9.977905315570129163e-01
9.983294261522334123e-01
9.981408131921428728e-01
9.983294261522334123e-01
9.984910947646377100e-01
9.985449842373292917e-01
9.980599787887758367e-01
9.988683208791484525e-01
9.983024815475821656e-01
9.989491550881857140e-01
9.986527629883824586e-01
9.984641500282919191e-01
9.988683208791484525e-01
9.989222102892048039e-01
9.990299892972229756e-01
9.990030445608772958e-01
9.987605419337655110e-01
9.987605421280952855e-01
9.988952656154942433e-01
9.988952656154942433e-01
9.987066524610739293e-01
9.991108235062602372e-01
9.990838789642443318e-01
9.991377682426060280e-01
9.989761000188612794e-01
9.990030445608772958e-01
9.993533261333721329e-01
9.990838790959388760e-01
9.990299892972229756e-01
9.991916577152974988e-01
9.990838789642443318e-01
9.989222105461698087e-01
9.990838789642443318e-01
9.989491552198803692e-01
9.990569340335687665e-01
9.991108235062602372e-01
9.990838789642443318e-01
9.991108235062602372e-01
9.990299894915528611e-01
9.992455471879890805e-01
9.988952656154942433e-01
9.992186025833378338e-01
9.988952658098240178e-01
9.993533263277019074e-01
9.992186026459730641e-01
9.991377682426060280e-01
9.990569340335687665e-01
9.988952656154942433e-01
9.994072156060636036e-01
9.988144316007867562e-01
9.992724919243347603e-01
9.985988736473855321e-01
9.991647131732815934e-01
9.991377684369358025e-01
9.991647129789518189e-01
9.991647131732815934e-01
9.988952656154942433e-01
9.991377684369358025e-01
9.990838787699145573e-01
9.991916577152974988e-01
9.992186026459730641e-01
9.991377684369358025e-01
9.992455473823188550e-01
9.990030447552070703e-01
9.991377683743005722e-01
9.990569340335687665e-01
9.990569340335687665e-01
9.991647131732815934e-01
9.993802708697178128e-01
9.989222103518400342e-01
9.991377682426060280e-01
9.991916577152974988e-01
9.991377684369358025e-01
9.989760998245315049e-01
9.990838789016091015e-01
9.993533261333721329e-01
9.988144316007867562e-01
9.990569342278985410e-01
9.987874866701111909e-01
9.992186024516432896e-01
9.991377682426060280e-01
9.990030445608772958e-01
9.992455471253538501e-01
9.991377684369358025e-01
9.990569340335687665e-01
9.990299892345877453e-01
9.991108235062602372e-01
9.994611050787550743e-01
9.994880500094306397e-01
9.992455473823188550e-01
9.991377684369358025e-01
9.990569340335687665e-01
9.991647129789518189e-01
9.992186024516432896e-01
9.990030447552070703e-01
9.989222105461698087e-01
9.991647131732815934e-01
