8.669738366626142945e-01
9.478080455858506337e-01
9.641096109433378025e-01
9.721391423679486277e-01
9.780130950165936143e-01
9.823511976999547146e-01
9.869048578789980652e-01
9.898418343350151583e-01
9.924015840935320742e-01
9.934793736099974959e-01
9.932368709202504808e-01
9.935332632143836218e-01
9.937218763061687055e-01
9.945841079945032526e-01
9.948805000316713887e-01
9.948266104272852628e-01
9.949882787827245556e-01
9.953385606121843976e-01
9.949882787827245556e-01
9.951768921941098744e-01
9.950960579224373825e-01
9.940452131423177518e-01
9.945302184591765515e-01
9.943416051730616934e-01
9.948535553579608282e-01
9.943685501037372587e-01
9.949343895043628594e-01
9.950691130543970475e-01
9.945571632645816562e-01
9.951230027214184037e-01
