2.489736214588428531e+00
1.305113615373739933e+00
7.425638782567877128e-01
4.267220464769814203e-01
2.659877002033655402e-01
1.779986159090589382e-01
1.348083660689488039e-01
1.061961702707143879e-01
8.384095750793477131e-02
6.776678363177011943e-02
6.217735445744861783e-02
5.634018797752135543e-02
4.974267126913197584e-02
4.419227801655806198e-02
3.938029814483733071e-02
3.362751953624819323e-02
2.967751678879872873e-02
2.721602168647157052e-02
2.366708598902890481e-02
2.563719770435491860e-02
1.268078668589419332e-02
8.478266912812934541e-03
7.026398427730942350e-03
7.182730869877275263e-03
5.674527810631896201e-03
6.020274300911061631e-03
5.709746571348701775e-03
5.686487284339928824e-03
5.400325808365638407e-03
5.889045643460706463e-03
4.682554210058463041e-03
5.567677046225245029e-03
4.361308794529369752e-03
5.051935525757643604e-03
4.627366046675509756e-03
4.655771113593762389e-03
4.037633760656415133e-03
4.091333811143071930e-03
4.216619671216105709e-03
4.088968998814410637e-03
3.954714555923249941e-03
4.145053074765759661e-03
3.968628860307536234e-03
3.952906349573188927e-03
3.613110710205390697e-03
3.563200351219153895e-03
3.557451986424056689e-03
3.916418994849834960e-03
3.596117366542961585e-03
3.398642382077031367e-03
3.694116593934361654e-03
3.923690998507935700e-03
3.283375017318853652e-03
3.604043552089288265e-03
3.766563298834454693e-03
3.647684866521682528e-03
3.966477682212593212e-03
3.816187074666154734e-03
3.431348063183721573e-03
3.349990430363801192e-03
3.175915845258442307e-03
3.683589443905094241e-03
3.310514908498304008e-03
3.788698355999064061e-03
3.497157065120585443e-03
3.776974974067782379e-03
3.043911477431516036e-03
3.273759671676300300e-03
3.721256710304827586e-03
3.641934818793844675e-03
3.997152813270144281e-03
2.879929521320559026e-03
3.902260744389694693e-03
3.286154077882413958e-03
3.974049490780209339e-03
3.391118564612281665e-03
3.340830599600675896e-03
3.110821190634019580e-03
3.263890243993138821e-03
3.954542579245876217e-03
3.465081675286570215e-03
3.862586559592429570e-03
3.371676447791329724e-03
3.407881055417210942e-03
3.561782955739058957e-03
3.367829381556482291e-03
3.425779774779722040e-03
3.281295933159620367e-03
3.615793637662135726e-03
3.598437321901467190e-03
3.092908206603785844e-03
3.179326547303658237e-03
3.726834407049589397e-03
3.630030182434858255e-03
3.301821648936535940e-03
3.249668718001455861e-03
3.648066297394831140e-03
3.526750596821496241e-03
3.472692268346542783e-03
3.973564594691129416e-03
3.374108973045820796e-03
3.963116729325732654e-03
3.369797263711524736e-03
3.371601060506222106e-03
3.759272698435658401e-03
3.275899790187061702e-03
3.193739807313440617e-03
3.426171909256419713e-03
3.399152402630213794e-03
3.649216873615417252e-03
3.163541357851754488e-03
3.003002426355199685e-03
3.404345974385657256e-03
3.586791308665212511e-03
3.707612346238660893e-03
3.159127559583425025e-03
3.275188889367114733e-03
3.577084028378449670e-03
3.785894421093545167e-03
3.389518200283958040e-03
