2.077419951455346414e+00
1.268031120457683958e+00
1.112175169560394972e+00
1.018012784142998228e+00
9.641444283976138285e-01
9.128928144840300352e-01
8.655392898942910751e-01
8.339669387181805060e-01
8.123552112967620253e-01
8.035316527350732096e-01
7.699903444905541461e-01
7.644957585104537046e-01
7.433401426026428060e-01
7.390122066812764290e-01
7.271567731609893670e-01
7.069870745121020761e-01
7.105818994826496038e-01
7.037848522395038220e-01
6.869229353293609952e-01
6.950686102162322300e-01
