4.171039021844200612e-01
1.519108304383859909e-01
1.044903985636636418e-01
7.935171093066700765e-02
6.391602833087682567e-02
5.271005740345714730e-02
3.947029919216380606e-02
2.848743822610197082e-02
2.382530770418770164e-02
2.029758732746540090e-02
2.026923331936062236e-02
1.926952658035277488e-02
1.984298475853769894e-02
1.561186942046165552e-02
1.650028419311380667e-02
1.623297443747563976e-02
1.585487785889388990e-02
1.467340013442756594e-02
1.602764419403381047e-02
1.482563318046149076e-02
1.506682128732782580e-02
1.662220151646425642e-02
1.637272200240833323e-02
1.629198742004325448e-02
1.473287103974547409e-02
1.698959557644644930e-02
1.514657573475383830e-02
1.535343793803694602e-02
1.589088569443751139e-02
1.438256847940911146e-02
